1 1 1 1.41499 11.6126 41.8765 0.355797 1150 1
1 1 2 1.4138 12.3915 41.706 0.22639 904 1
1 1 3 1.61526 7.58526 41.6634 0.355895 800 1
1 2 1 1.56923 12.9034 41.6468 0.278005 1038 1
1 2 2 1.62108 11.5075 41.602 0.224306 759 1
1 2 3 1.39234 8.1585 41.6807 0.315133 738 1
1 3 1 1.49084 14.7996 41.812 0.244505 1193 1
1 3 2 1.29941 10.5948 41.7797 0.354414 902 1
1 3 3 1.35018 11.9423 41.9233 0.205108 829 1
1 4 1 1.69082 23.1783 41.9046 0.320492 1448 1
1 4 2 1.39862 16.7295 41.6687 0.220768 1027 1
1 4 3 1.2904 13.8046 41.6809 0.353568 989 1
1 5 1 1.93636 28.3923 41.8626 0.278783 1829 1
1 5 2 1.94967 18.7949 41.5941 0.306992 1453 1
1 5 3 1.77746 14.706 41.5907 0.416782 1203 1
2 1 1 1.47565 11.0268 41.5431 0.342711 994 1
2 1 2 1.43669 13.0007 41.6879 0.235205 942 1
2 1 3 1.40331 15.6381 41.5372 0.220218 927 1
2 1 4 1.37879 7.08276 41.8251 0.368617 879 1
2 1 5 1.54028 7.14398 41.6308 0.293844 818 1
2 1 6 1.35826 10.7515 41.7658 0.26448 888 1
2 1 7 1.90557 16.1238 41.579 0.246924 1137 1
2 2 1 1.42085 9.25583 41.6853 0.390616 913 1
2 2 2 1.28109 12.1864 41.5868 0.336678 802 1
2 2 3 1.61962 9.91451 41.8738 0.359377 908 1
2 2 4 1.44287 6.78807 41.927 0.428154 764 1
2 2 5 1.32603 5.09144 41.7735 0.405477 729 1
2 2 6 1.47108 6.62317 41.927 0.246569 752 1
2 2 7 1.56659 12.9981 41.7926 0.324655 982 1
2 3 1 1.46533 9.43482 42.0636 0.389524 974 1
2 3 2 1.30028 12.2199 41.799 0.273175 898 1
2 3 3 1.29126 14.3281 41.7967 0.289123 965 1
2 3 4 1.42725 8.58624 41.9205 0.366826 848 1
2 3 5 1.26051 10.1495 41.7391 0.314204 824 1
2 3 6 1.39126 10.0694 41.7679 0.240151 856 1
2 3 7 1.45529 15.1972 41.6595 0.278254 1106 1
2 4 1 1.60553 18.4523 41.7173 0.363322 1242 1
2 4 2 1.67625 18.7191 41.6963 0.243044 1175 1
2 4 3 1.37933 15.1549 41.6292 0.352833 1167 1
2 4 4 1.52459 14.7523 41.8188 0.281598 1123 1
2 4 5 1.36888 15.4439 41.7955 0.2795 1076 1
2 4 6 1.54969 3.35113 41.3217 -0.0357699 1116 1
2 4 7 1.68571 18.7619 41.8637 0.264287 1251 1
2 5 1 2.07515 22.305 41.8459 0.344832 1684 1
2 5 2 1.83544 20.731 41.7153 0.276929 1457 1
2 5 3 1.74963 19.2726 41.6585 0.367642 1694 1
2 5 4 1.82061 14.6478 41.9064 0.390365 1466 1
2 5 5 1.92569 13.5782 41.776 0.336736 1405 1
2 5 6 1.65789 14.884 41.7713 0.241423 1185 1
2 5 7 1.99563 17.876 41.8085 0.298315 1570 1
3 1 1 1.13925 5.15116 46.772 0.0644999 173 1
3 1 2 1.04563 1.82151 46.4551 0.292268 192 1
3 1 3 1.5078 -162.469 159.749 -0.0448292 246 1
3 1 4 1.13071 6.72741 46.3156 0.105561 289 1
3 1 5 1.30112 18.4366 46.315 -0.0297616 240 1
3 1 6 1.21344 -7.50663 46.6341 -0.068969 209 1
3 2 1 1.12013 -22511.9 47.4607 -0.0833471 106 1
3 2 2 1.12874 6.04287 46.5822 0.0341011 188 1
3 2 3 1.11273 1.20589 46.3489 0.169083 160 1
3 2 4 0.955988 2.59557 45.9196 0.367706 182 1
3 2 5 1.19999 15441.1 60.9645 -0.0482906 220 1
3 2 6 1.07184 1.63748 46.8653 0.600339 240 0
3 3 1 1.00082 1.01145 46.7706 0.441675 140 1
3 3 2 1 0.000131938 46.3351 -0.146481 153 1
3 3 3 1.21329 4.69031 46.3607 0.12274 170 1
3 3 4 1.2384 20823.5 47.6251 0.218158 253 1
3 3 5 1.19291 170732 46.531 -0.246154 207 1
3 3 6 1 2.98537 60.7292 -0.0356604 113 1
3 4 1 1.01448 3.23003 46.6377 0.182567 201 1
3 4 2 1.04 3.03414 34.0546 0.0208297 177 1
3 4 3 1.13658 2.22076 46.3398 0.271639 243 1
3 4 4 1.05927 3.11092 46.6478 0.205328 222 1
3 4 5 1.19446 2.33542 46.4246 0.205947 299 1
3 4 6 1.10661 1.76168 45.8367 -0.13332 351 1
3 5 1 1.17337 2.3894 46.4669 0.181396 306 1
3 5 2 1.15487 3.76552 46.5424 0.211243 334 1
3 5 3 1.11 6.25175 46.6592 0.300413 441 1
3 5 4 1.31128 4.49718 46.3592 0.322422 386 1
3 5 5 1.24011 7.60484 46.6676 0.275251 493 1
4 1 1 1.17865 5.07168 46.1138 0.0334247 149 1
4 1 2 1.23064 20.2201 46.2942 0.0279332 215 1
4 1 3 1.33348 -485.233 48.6987 -0.0127602 185 1
4 1 4 1.01449 3.1992 46.2044 0.207067 251 1
4 1 5 1.28811 5.63236 46.5383 0.0822261 218 1
4 1 6 0.999294 5.26679 45.3973 -0.190569 228 1
4 2 1 1.08476 2.45965 46.2728 0.144266 184 1
4 2 2 1.14306 1062.67 55.7268 2.52529 197 1
4 2 3 1.09537 15.1163 46.2952 0.0300941 195 1
4 2 4 1.03994 4.72715 46.7 0.0840274 189 1
4 2 5 1.20004 2.83745 46.4475 -0.0155765 58 1
4 2 6 1.09678 8.11512 46.4259 -0.0362212 188 1
4 3 1 1.14704 -1251.08 46.1322 -0.042845 179 1
4 3 2 1.28352 2.69346 48.544 0.105267 206 1
4 3 3 1.13053 5.83868 45.8815 0.0347528 208 1
4 3 4 1.12499 -58.2186 46.5083 -0.0451442 230 1
4 3 5 1.13995 -577.021 46.2349 -0.0453177 244 1
4 3 6 1.02981 1.34221 46.614 0.315779 268 1
4 4 1 1.12127 2.08412 46.6407 0.407212 291 1
4 4 2 1.071 3.36477 45.9637 0.172015 237 1
4 4 3 1.11211 3.58602 46.6469 0.226094 263 1
4 4 4 1.09626 2.58412 46.4614 0.269876 222 1
4 4 5 1.03414 4.72058 46.1396 0.161986 251 1
4 4 6 1.06265 3.10218 46.2413 0.223695 217 1
4 5 1 1.18172 8.18589 46.6059 0.198679 445 1
4 5 2 1.11601 5.73831 46.7142 0.262816 443 1
4 5 3 1.09135 4.04576 46.9688 0.567729 370 1
4 5 4 1.20069 8.31316 46.738 0.163436 432 1
4 5 5 1.18717 6.48831 46.4414 0.259315 494 1
5 1 1 2.2017 25.0674 41.6222 0.237322 1623 1
5 1 2 1.88122 22.5326 41.701 0.274478 1572 1
5 2 1 1.82726 21.3567 41.652 0.164143 1434 1
5 2 2 2.32953 18.8745 41.637 0.213107 1615 1
5 3 1 1.94059 19.4378 41.8965 0.421707 1599 1
5 3 2 2.16075 18.311 41.9008 0.378425 1770 1
5 4 1 2.22577 26.0749 41.8058 0.392239 2137 1
5 4 2 2.62128 24.5038 41.7252 0.391884 2331 1
